0.118327 -0.267119 0.26889 -0.000909708 0.380129 -0.00334433 0.924927 
0.119662 -0.266528 0.268888 -0.00185664 0.380128 -0.00102986 0.924931 
0.12365 -0.264713 0.268882 -0.00469738 0.380113 0.00591341 0.924909 
0.130236 -0.261555 0.268873 -0.00943163 0.380041 0.0174845 0.924756 
0.139319 -0.25686 0.26886 -0.0160576 0.37984 0.0336789 0.924299 
0.150747 -0.25036 0.268843 -0.0245704 0.379412 0.0544839 0.923295 
0.164302 -0.241727 0.268822 -0.0349595 0.378631 0.0798731 0.921432 
0.179682 -0.230582 0.268797 -0.0472055 0.37734 0.109798 0.91833 
0.196487 -0.216511 0.268769 -0.0612763 0.375359 0.144179 0.913544 
0.2142 -0.19909 0.268737 -0.077123 0.372479 0.182895 0.906565 
0.23217 -0.177917 0.268701 -0.0946741 0.36847 0.225768 0.896825 
0.249598 -0.152645 0.268661 -0.113831 0.363078 0.272554 0.883703 
0.265536 -0.123034 0.268617 -0.13446 0.35603 0.322925 0.866535 
0.278885 -0.088999 0.268569 -0.156389 0.347042 0.376454 0.844622 
0.288417 -0.0506751 0.268518 -0.179399 0.33582 0.432601 0.81725 
0.292813 -0.00847735 0.268463 -0.203218 0.322071 0.490697 0.783702 
0.290898 0.0353651 0.268406 -0.226744 0.306081 0.548047 0.744679 
0.283154 0.0758512 0.268352 -0.247692 0.289504 0.599085 0.704225 
0.270931 0.112157 0.268302 -0.266072 0.272821 0.643837 0.663512 
0.25552 0.14402 0.268256 -0.282052 0.256377 0.682719 0.623388 
0.238097 0.171425 0.268214 -0.295818 0.240472 0.71619 0.584583 
0.219698 0.194553 0.268175 -0.307564 0.22536 0.744729 0.54772 
0.201203 0.21371 0.26814 -0.317484 0.211255 0.768815 0.513321 
0.183341 0.22929 0.268109 -0.325769 0.198337 0.788914 0.481821 
0.166698 0.24172 0.268082 -0.332597 0.186751 0.805466 0.453573 
0.151733 0.251433 0.268059 -0.338132 0.176614 0.818873 0.428861 
0.138796 0.258839 0.268039 -0.342519 0.168019 0.829493 0.407912 
0.128143 0.264307 0.268024 -0.345884 0.161037 0.837634 0.390897 
0.11996 0.268143 0.268012 -0.348329 0.155723 0.843547 0.377948 
0.114371 0.27059 0.268004 -0.349934 0.152115 0.847426 0.369156 
0.111453 0.271813 0.268 -0.350752 0.150238 0.849401 0.364581 
