0.118327 -0.267119 0.26889 -0.000909708 0.380129 -0.00334433 0.924927 
0.118861 -0.266884 0.268889 -0.00128848 0.380129 -0.00241854 0.924929 
0.119395 -0.266647 0.268889 -0.00166725 0.380129 -0.00149275 0.924931 
0.120462 -0.26617 0.268887 -0.00242478 0.380127 0.000358808 0.924931 
0.122058 -0.265446 0.268885 -0.00356108 0.380122 0.00313613 0.924924 
0.12365 -0.264713 0.268882 -0.00469737 0.380113 0.00591341 0.924909 
0.126294 -0.263469 0.268879 -0.00659115 0.380091 0.0105421 0.924865 
0.128925 -0.2622 0.268875 -0.00848482 0.38006 0.0151705 0.924799 
0.132065 -0.260641 0.26887 -0.010757 0.38001 0.020724 0.924688 
0.135705 -0.258776 0.268865 -0.0134076 0.379934 0.0272022 0.924516 
0.139319 -0.256859 0.26886 -0.0160576 0.37984 0.0336789 0.924299 
0.143925 -0.254322 0.268853 -0.0194638 0.379692 0.0420036 0.923954 
0.148485 -0.251701 0.268846 -0.0228686 0.379513 0.0503248 0.923533 
0.153496 -0.248693 0.268839 -0.0266498 0.379279 0.0595658 0.922978 
0.158937 -0.24527 0.26883 -0.0308063 0.378978 0.0697237 0.922261 
0.164302 -0.241727 0.268822 -0.0349594 0.378631 0.0798731 0.921432 
0.17054 -0.237389 0.268812 -0.0398626 0.378162 0.0918551 0.920308 
0.176664 -0.232891 0.268802 -0.0447595 0.37763 0.103821 0.919028 
0.183126 -0.227869 0.268792 -0.0500252 0.376986 0.116688 0.917476 
0.189892 -0.22229 0.26878 -0.0556566 0.376215 0.130448 0.915613 
0.196487 -0.216511 0.268769 -0.0612762 0.375359 0.144179 0.913544 
0.203749 -0.209724 0.268756 -0.0676291 0.374288 0.159701 0.91095 
0.210777 -0.202694 0.268743 -0.0739634 0.37311 0.175176 0.908093 
0.217953 -0.194994 0.268729 -0.0806478 0.371745 0.191505 0.90478 
0.225223 -0.186591 0.268715 -0.0876762 0.370174 0.208674 0.900965 
0.23217 -0.177917 0.2687 -0.0946741 0.368471 0.225768 0.896825 
0.239458 -0.16803 0.268685 -0.10237 0.366434 0.244565 0.891871 
0.246326 -0.157844 0.268669 -0.110022 0.364237 0.263253 0.886524 
0.253056 -0.146873 0.268652 -0.117988 0.361764 0.282706 0.880502 
0.25957 -0.135098 0.268634 -0.126257 0.358992 0.302896 0.873749 
0.265536 -0.123034 0.268617 -0.13446 0.356031 0.322925 0.866534 
0.271384 -0.109623 0.268598 -0.143298 0.3526 0.3445 0.858172 
0.276556 -0.0959359 0.268579 -0.152049 0.34895 0.365859 0.849272 
0.281203 -0.0814436 0.268559 -0.161051 0.344923 0.387829 0.839452 
0.285225 -0.0661576 0.268538 -0.170286 0.340496 0.410365 0.828653 
0.288417 -0.0506749 0.268518 -0.179399 0.335822 0.432601 0.817249 
0.290909 -0.0338776 0.268496 -0.189045 0.330529 0.45613 0.804337 
0.292424 -0.0169618 0.268474 -0.198535 0.32496 0.479275 0.790747 
0.292956 0.000305109 0.268451 -0.208018 0.319016 0.502398 0.776243 
0.292453 0.0178647 0.268428 -0.217477 0.31269 0.525459 0.760803 
0.290898 0.0353651 0.268406 -0.226744 0.306082 0.548047 0.744678 
0.288485 0.0516855 0.268384 -0.235262 0.299629 0.568803 0.728929 
0.285157 0.0678465 0.268363 -0.243597 0.292939 0.589107 0.712601 
0.281091 0.0832343 0.268342 -0.251455 0.286266 0.608247 0.696317 
0.276389 0.0978277 0.268322 -0.258851 0.27964 0.626256 0.680147 
0.27093 0.112157 0.268302 -0.266073 0.272823 0.643836 0.663512 
0.265229 0.125122 0.268283 -0.272583 0.266362 0.659679 0.647745 
0.258908 0.137799 0.268265 -0.278936 0.259745 0.675136 0.631599 
0.25228 0.149651 0.268247 -0.284876 0.25326 0.689583 0.615776 
0.24543 0.160695 0.26823 -0.290418 0.246928 0.703059 0.600327 
0.238097 0.171425 0.268213 -0.295819 0.240474 0.716188 0.584583 
0.231018 0.180896 0.268198 -0.300608 0.234501 0.727827 0.570011 
0.223563 0.190076 0.268182 -0.305277 0.228432 0.739169 0.555207 
0.21614 0.198516 0.268168 -0.3096 0.222578 0.749669 0.540928 
0.20881 0.206248 0.268154 -0.313594 0.216954 0.759367 0.527212 
0.201203 0.21371 0.26814 -0.317486 0.211258 0.768813 0.513321 
0.19421 0.220114 0.268128 -0.320862 0.206131 0.777006 0.500819 
0.187014 0.226289 0.268115 -0.324156 0.20095 0.784995 0.488186 
0.180084 0.231868 0.268104 -0.327169 0.196042 0.792303 0.476219 
0.173461 0.236888 0.268093 -0.329917 0.191417 0.798964 0.464943 
0.166698 0.241718 0.268082 -0.332599 0.186754 0.805464 0.453573 
0.160784 0.245712 0.268073 -0.334849 0.182719 0.810917 0.443738 
0.154774 0.249562 0.268063 -0.337051 0.178658 0.81625 0.433837 
0.149177 0.252965 0.268055 -0.339028 0.174907 0.821037 0.424694 
0.144016 0.255954 0.268047 -0.340792 0.171473 0.825307 0.416325 
0.138796 0.258838 0.268039 -0.342521 0.168022 0.829491 0.407913 
0.134562 0.261077 0.268033 -0.343884 0.165238 0.832789 0.401127 
0.130292 0.263247 0.268027 -0.345224 0.162442 0.836032 0.394315 
0.126517 0.265093 0.268021 -0.346381 0.159981 0.838831 0.388316 
0.123248 0.266637 0.268016 -0.347363 0.157857 0.841204 0.38314 
0.119961 0.268142 0.268012 -0.348331 0.155727 0.843545 0.37795 
0.117731 0.269135 0.268008 -0.348978 0.154285 0.845108 0.374438 
0.115494 0.270109 0.268005 -0.349618 0.152841 0.846655 0.370919 
0.113789 0.270836 0.268003 -0.3501 0.151743 0.847821 0.368244 
0.112622 0.271326 0.268001 -0.350428 0.150992 0.848612 0.366414 
0.111454 0.271812 0.268 -0.350754 0.150241 0.849399 0.364583 
0.11114 0.271941 0.267999 -0.350841 0.150039 0.849609 0.364092 
